std::map<double, cv::Mat> homographyTable = {
    {2, (cv::Mat_<double>(3, 3) <<
        0.9315808496, -0.0311433924, 1.7089934757,
       -0.0021743729, 0.8305294752, 33.0784356678,
       0.0000611194, -0.0001157891, 1.0000000000)},

    {3, (cv::Mat_<double>(3, 3) <<
        0.9205629506, -0.0291443835, 5.1403534453,
       0.0083050604, 0.8163453840, 31.4141864815,
       0.0000705561, -0.0001587635, 1.0000000000)},

    {4, (cv::Mat_<double>(3, 3) <<
        0.8927236899, -0.0070600318, 6.2038639071,
       -0.0123212240, 0.8037811771, 40.3094365032,
       0.0000070709, -0.0001144442, 1.0000000000)},

    {5, (cv::Mat_<double>(3, 3) <<
        0.9694367172, -0.0025529664, -6.2229857650,
       0.0104479031, 0.8601399876, 28.4652216778,
       0.0000902040, -0.0000624330, 1.0000000000)},

    {6, (cv::Mat_<double>(3, 3) <<
        0.8884570678, -0.0263825395, 11.2074981221,
       -0.0021998000, 0.7903242224, 38.1327302536,
       0.0000187172, -0.0001566012, 1.0000000000)},

    {7, (cv::Mat_<double>(3, 3) <<
        0.8318447713, -0.0251219781, 22.4834405910,
       -0.0300314485, 0.7774899023, 44.3690016287,
       -0.0000934228, -0.0001012771, 1.0000000000)},

    {8, (cv::Mat_<double>(3, 3) <<
        1.0068032891, -0.0391937745, 1.5530735356,
       0.0280712263, 0.8564770237, 30.8090026052,
       0.0002114362, -0.0000984698, 1.0000000000)},

    {9, (cv::Mat_<double>(3, 3) <<
        0.9020046506, -0.0410566690, 13.5452416264,
       -0.0085189095, 0.8048798190, 39.3603190158,
       0.0000423144, -0.0001496474, 1.0000000000)},

    {10, (cv::Mat_<double>(3, 3) <<
        1.0222624021, -0.0178715495, -7.8552964609,
       0.0258941431, 0.8843871714, 24.7955264927,
       0.0001748900, -0.0000538999, 1.0000000000)},

    {12.5, (cv::Mat_<double>(3, 3) <<
        0.9934338288, 0.0377847098, -13.1155502691,
       0.0211722595, 0.9356623710, 13.3877271609,
       0.0001183561, 0.0000308741, 1.0000000000)},

    {15, (cv::Mat_<double>(3, 3) <<
        0.9255501701, -0.0325292652, 12.3747545013,
       0.0115619955, 0.8209265589, 33.5042293888,
       0.0000775200, -0.0001052727, 1.0000000000)},

    {20, (cv::Mat_<double>(3, 3) <<
        1.0798588279, 0.0055203565, -13.4449357900,
       0.0788322282, 0.9209081985, 12.4154871629,
       0.0003167714, 0.0000178839, 1.0000000000)},

    {25, (cv::Mat_<double>(3, 3) <<
        0.9376453948, 0.0000000000, 10.7159645852,
       0.0435356476, 0.8709305988, 18.9121817693,
       0.0000938067, 0.0000000000, 1.0000000000)},

    {30, (cv::Mat_<double>(3, 3) <<
        0.9642857143, 0.0000000000, -7.2500000000,
       0.0000000000, 0.8888888889, 19.6666666667,
       0.0000000000, 0.0000000000, 1.0000000000)},

};
