std::map<double, cv::Mat> homographyTable = {
    {1, (cv::Mat_<double>(3, 3) <<
        0.9050877550, 0.0058800048, 3.9792681439,
       -0.0250777811, 0.8513578223, 26.1397211293,
       -0.0000255637, -0.0000405858, 1.0000000000)},

    {2, (cv::Mat_<double>(3, 3) <<
        0.8807876710, -0.0147831469, 21.6523893584,
       -0.0354529114, 0.8008935278, 42.2526872709,
       -0.0000278898, -0.0001173266, 1.0000000000)},

    {3, (cv::Mat_<double>(3, 3) <<
        0.8777235528, 0.0071806216, 22.2211301414,
       -0.0441135165, 0.8420880947, 36.5511533147,
       -0.0000483255, -0.0000401510, 1.0000000000)},

    {4, (cv::Mat_<double>(3, 3) <<
        0.9149316782, -0.0240853016, 23.8535958896,
       -0.0058000350, 0.8149579421, 35.3156708921,
        0.0000599728, -0.0001384213, 1.0000000000)},

    {5, (cv::Mat_<double>(3, 3) <<
        0.9148623383, -0.0079911622, 20.6747210237,
       -0.0079176662, 0.8322671645, 29.4755315504,
        0.0000399572, -0.0001021884, 1.0000000000)},

    {6, (cv::Mat_<double>(3, 3) <<
        0.8512227234, -0.0179970058, 34.5509577506,
       -0.0374102606, 0.7897388373, 43.4700381765,
       -0.0000772120, -0.0000686909, 1.0000000000)},

    {7, (cv::Mat_<double>(3, 3) <<
        0.9166666667, 0.0000000000, 24.0000000000,
       -0.0075757576, 0.8481012658, 30.3394706559,
        0.0000000000, 0.0000000000, 1.0000000000)},

    {8, (cv::Mat_<double>(3, 3) <<
        0.9738825790, -0.0376271078, 19.3739271390,
        0.0159536117, 0.8248146004, 30.0979986041,
        0.0001507288, -0.0001419891, 1.0000000000)},

    {9, (cv::Mat_<double>(3, 3) <<
        0.7970977742, -0.0415502360, 45.8786164360,
       -0.0585435213, 0.7550767983, 48.6234080788,
       -0.0001444276, -0.0001579857, 1.0000000000)},

    {10, (cv::Mat_<double>(3, 3) <<
        0.9452650849, 0.0000000000, 19.9684338996,
        0.0071635614, 0.9023301473, 12.0733867063,
        0.0000331646, 0.0000000000, 1.0000000000)},

    {12.5, (cv::Mat_<double>(3, 3) <<
        0.9047619048, 0.0000000000, 29.0000000000,
        0.0000000000, 0.8684210526, 19.1315789474,
        0.0000000000, 0.0000000000, 1.0000000000)},

    {15, (cv::Mat_<double>(3, 3) <<
        0.8888888889, 0.0000000000, 35.5555555556,
        0.0000000000, 0.8709677419, 18.3225806452,
        0.0000000000, 0.0000000000, 1.0000000000)},

    {20, (cv::Mat_<double>(3, 3) <<
        0.9268292683, 0.0000000000, 20.9512195122,
        0.0000000000, 0.8800000000, 15.4800000000,
        0.0000000000, 0.0000000000, 1.0000000000)},

    {25, (cv::Mat_<double>(3, 3) <<
        0.9090909091, 0.0000000000, 27.8181818182,
        0.0000000000, 0.9473684211, 1.4736842105,
        0.0000000000, 0.0000000000, 1.0000000000)},

    {30, (cv::Mat_<double>(3, 3) <<
        0.9259259259, 0.0000000000, 23.2962962963,
        0.0000000000, 0.9375000000, -0.6875000000,
        0.0000000000, 0.0000000000, 1.0000000000)},
};